0.032974 -130
0.101941 -130
0.169879 -130
0.244826 -130
0.294793 -130
0.353748 -130
0.396715 -130
0.428691 -130
0.461671 -129
0.511640 -128
0.561602 -124
0.593575 -120
0.626549 -117
0.657528 -113
0.730478 -110
0.798430 -102
0.868383 -96
0.951321 -89
1.020272 -80
1.052254 -71
1.085230 -67
1.117207 -62
1.150182 -57
1.182157 -53
1.215138 -49
1.247109 -45
1.280087 -43
1.312064 -42
1.384015 -43
1.453965 -43
1.523922 -43
1.574889 -43
1.651831 -43
1.698789 -43
1.730768 -43
1.756745 -43
1.806711 -43
1.839691 -43
1.871667 -43
1.904647 -43
1.935617 -43
